359999    0      359999    0      359999    0       TOTAL
   350   52        1000   40        2000   30       grid
   600  130        1100   20        2000   10       four
  1000   84        2500   60        4000   40       telemaze
   350   46        3000   30        6000   10       spiraldn
  1200   64        2000   50        3000   40       islands
   600   68        1200   28        2000   10       angle
  2400   46        3500   40        6000   35       spiralup
  2000   85        3500   50        6000   10       rampup
   900   92        1600   70        3000   60       check
  2500   64        3500   50        4500   40       risers
  1200   92        2400   71        4500   60       tilt
   400  100        3200   40        4500   30       gaps
  3000  168        4000   80        6000   40       pyramid
   700   54        1600   20        3000   10       quads
   600   82         900   30        2000   10       frogger
  1000  108        1100   65        2000   55       timer
  1700   58        3000   25        4500   10       spread
  1400   42        3000   20        4500   10       hump
  3000   90        4500   20        6000   10       movers
  1900   60        3000   30        4500   10       teleport
  2500   23        3000   20        4500   10       poker
  1500  128        4000   88        6000   66       invis
   350   64        1600   30        3000   10       ring
  1800  129        2600   80        4500    3       pipe
  1200   40        2000   20        3000   10       title
