720000	2500	720000	2300    720000  1800	TOTAL
2600	128	2800	48	3000	8	sonic
4100	10	4200	0	4300	0	speeddance
3200	80	3400	70	3600	60	movinglumps
7000	58	7500	56	8000	54	ghosts
3300	44	3400	24	3500	10	backforth
500		150	1000	130	1500	100	webs
1500	300	2000	250	2500	200	fall
3200	50	4000	40	5000	30	basket
700		96	800		80	900		60	bigball
4300	120	4400	100	4500	80	translation
2250	93	2300	80	2400	60	movingpath
600		177	700		160	800		130	bounces
1300	107	1600	60	2000	40	runstop
3500	121	4000	110	4500	100	longpipe
210		80	300		60	400		40	rodeo
12000	57	13000	54	14000	50	rainbow
5000	208	7000	180	9000	160	bigcones
6000	240	9000	200	12000	160	shaker
400		334	500		300	600		260	littlecones
3500	69	3500	60	3500	50	push
1200	82	1700	70	2100	60	updown
1800	20	2500	15	4000	10	freefall
4000	36	5000	24	6000	12	grinder
1850	152	1900	140	1950	100	speed
3000	80	3500	40	4000	20	morenarrow
